Last login: Fri Dec 26 17:51:05 on console
SunTea:~ rakhiparekh$ /Users/rakhiparekh/Desktop/TheRipple 
-bash: /Users/rakhiparekh/Desktop/TheRipple: is a directory
SunTea:~ rakhiparekh$ ls
Applications	Downloads	Library		Pictures
Desktop		Dropbox		Movies		Public
Documents	Google Drive	Music
SunTea:~ rakhiparekh$ cd /Users/rakhiparekh/Desktop/TheRipple 
SunTea:TheRipple rakhiparekh$ ls
ProcessingFirmataArduino	sensor tutorial
app.js				sensor.js
heartRateAnimation		wave.css
heartRateSensorProcessing	wave.html
node_modules			wave.js
original wave files
SunTea:TheRipple rakhiparekh$ node app.js
-bash: node: command not found
SunTea:TheRipple rakhiparekh$ node sensor.js
-bash: node: command not found
SunTea:TheRipple rakhiparekh$ node -v
v0.10.35
SunTea:TheRipple rakhiparekh$ node sensor.js
listening on *:3000
1419726309492 Device(s) /dev/cu.usbmodem1431 
1419726312875 Connected /dev/cu.usbmodem1431 
1419726312876 Repl Initialized 
>> 95.6989247311828 979
61.87683284457478 633
59.433040078201365 608
49.65786901270772 508
29.423264907135874 301
59.530791788856305 609
26.58846529814272 272
0 0
0 0
0 0
0 0
0 0
0 0
0 0
0 0
0 0
0 0
0 0
0 0
0 0
0 0
0 0
0 0
0 0
0 0
0 0
0 0
14.760508308895405 151
32.64907135874878 334
45.45454545454545 465
45.06353861192571 461
>> 46.13880742913001 472
>> 46.43206256109482 475
47.21407624633431 483
45.747800586510266 468
41.837732160312804 428
45.16129032258065 462
52.59042033235582 538
49.75562072336266 509
51.71065493646139 529
44.965786901270775 460
48.97360703812317 501
44.28152492668622 453
48.38709677419355 495
49.56011730205279 507
50.53763440860215 517
46.9208211143695 480
95.79667644183773 980
95.6989247311828 979
95.6989247311828 979
95.6989247311828 979
95.6989247311828 979
95.6989247311828 979
95.6989247311828 979
95.6989247311828 979
95.6989247311828 979
95.6989247311828 979
95.6989247311828 979
95.6989247311828 979
95.6989247311828 979
95.6989247311828 979
95.6989247311828 979
95.60117302052785 978
95.6989247311828 979
95.60117302052785 978
0 0
0 0
0 0
0 0
0 0
95.50342130987292 977
95.50342130987292 977
95.50342130987292 977
95.50342130987292 977
38.90518084066471 398
95.60117302052785 978
95.60117302052785 978
95.60117302052785 978
52.49266862170088 537
50.048875855327466 512
50.635386119257085 518
50.733137829912025 519
50.53763440860215 517
50.43988269794721 516
50.34213098729228 515
50.34213098729228 515
50.635386119257085 518
50.635386119257085 518
50.53763440860215 517
50.43988269794721 516
50.43988269794721 516
50.53763440860215 517
50.34213098729228 515
50.146627565982406 513
50.43988269794721 516
50.24437927663734 514
50.34213098729228 515
50.733137829912025 519
50.53763440860215 517
50.146627565982406 513
50.733137829912025 519
50.43988269794721 516
50.24437927663734 514
50.146627565982406 513
50.146627565982406 513
50.24437927663734 514
50.53763440860215 517
50.34213098729228 515
50.048875855327466 512
50.146627565982406 513
50.048875855327466 512
50.34213098729228 515
50.43988269794721 516
50.34213098729228 515
50.34213098729228 515
50.146627565982406 513
50.146627565982406 513
50.43988269794721 516
50.048875855327466 512
50.048875855327466 512
50.24437927663734 514
49.951124144672534 511
50.24437927663734 514
50.24437927663734 514
50.146627565982406 513
50.34213098729228 515
49.951124144672534 511
50.146627565982406 513
50.048875855327466 512
50.24437927663734 514
50.24437927663734 514
50.733137829912025 519
50.43988269794721 516
49.951124144672534 511
50.048875855327466 512

(^C again to quit)
>> 50.146627565982406 513
50.146627565982406 513
50.43988269794721 516
50.43988269794721 516

1419726348121 Board Closing. 
SunTea:TheRipple rakhiparekh$ node sensor.js
listening on *:3000
1419726351347 Device(s) /dev/cu.usbmodem1431 
1419726354684 Connected /dev/cu.usbmodem1431 
1419726354685 Repl Initialized 
>> 51.80840664711632 530
52.49266862170088 537
47.116324535679375 482
50.43988269794721 516
42.13098729227762 431
49.853372434017594 510
50.24437927663734 514
50.733137829912025 519
50.146627565982406 513
49.951124144672534 511
50.048875855327466 512
50.146627565982406 513
50.733137829912025 519
50.635386119257085 518
50.53763440860215 517
50.83088954056696 520
53.56793743890518 548
41.15347018572825 421
67.93743890518084 695
47.50733137829912 486
71.94525904203323 736
39.589442815249264 405
51.02639296187683 522
49.951124144672534 511
50.34213098729228 515
50.43988269794721 516
49.951124144672534 511
49.951124144672534 511
49.75562072336266 509
49.951124144672534 511
50.34213098729228 515
50.048875855327466 512
50.43988269794721 516
50.24437927663734 514
50.146627565982406 513
49.853372434017594 510
50.146627565982406 513
50.34213098729228 515
50.34213098729228 515
50.43988269794721 516
50.53763440860215 517
50.24437927663734 514
50.146627565982406 513
50.146627565982406 513
50.24437927663734 514
49.951124144672534 511
50.34213098729228 515
50.146627565982406 513
50.146627565982406 513
49.951124144672534 511
50.34213098729228 515
50.146627565982406 513
50.048875855327466 512
95.60117302052785 978
0 0
0 0
0 0
0 0
0 0
0 0
0 0
0 0
0 0
0 0
0 0
0 0
0 0
0 0
0 0
0 0
0 0
47.018572825024435 481
48.7781036168133 499
47.70283479960899 488
48.09384164222874 492
75.17106549364614 769
35.09286412512219 359
52.101661779081134 533
25.90420332355816 265
0 0
0 0
0 0
47.70283479960899 488
46.236559139784944 473
47.116324535679375 482
45.35679374389052 464
38.6119257086999 395
45.16129032258065 462
46.82306940371456 479
46.236559139784944 473
46.62756598240469 477
47.70283479960899 488
63.831867057673506 653
57.57575757575758 589
95.40566959921799 976
95.30791788856305 975
95.2101661779081 974
95.01466275659824 972
94.91691104594331 971
11.925708699902248 122
34.701857282502445 355
38.41642228739003 393
46.72531769305963 478
46.13880742913001 472
91.30009775171065 934
95.79667644183773 980
95.79667644183773 980
95.50342130987292 977
95.79667644183773 980
95.79667644183773 980
95.79667644183773 980
95.6989247311828 979
95.89442815249267 981
95.9921798631476 982
95.89442815249267 981
95.9921798631476 982
95.89442815249267 981
95.9921798631476 982
95.89442815249267 981
95.89442815249267 981
95.89442815249267 981
95.89442815249267 981
95.89442815249267 981
95.6989247311828 979
0 0
0 0
52.199413489736074 534
49.951124144672534 511
49.364613880742915 505
49.16911045943304 503
49.56011730205279 507
49.56011730205279 507
49.46236559139785 506
49.266862170087975 504
49.46236559139785 506
49.75562072336266 509
49.46236559139785 506
48.97360703812317 501
47.9960899315738 491
47.898338220918866 490
0 0
95.79667644183773 980
95.79667644183773 980
67.05767350928642 686
72.43401759530792 741
49.364613880742915 505
38.41642228739003 393
0 0
0 0
0 0
0 0
0 0
66.37341153470186 679
55.131964809384165 564
53.665689149560116 549
52.78592375366569 540
53.27468230694037 545
58.064516129032256 594
49.75562072336266 509
48.28934506353861 494
50.43988269794721 516
50.83088954056696 520
50.83088954056696 520
50.34213098729228 515
50.733137829912025 519
51.31964809384164 525
51.31964809384164 525
51.02639296187683 522
51.31964809384164 525
51.02639296187683 522
50.9286412512219 521
50.53763440860215 517
50.146627565982406 513
50.635386119257085 518
49.853372434017594 510
50.24437927663734 514
51.2218963831867 524
50.733137829912025 519
50.53763440860215 517
50.146627565982406 513
50.635386119257085 518
52.101661779081134 533
52.981427174975565 542
52.59042033235582 538
51.80840664711632 530
50.34213098729228 515
50.34213098729228 515
51.02639296187683 522
52.59042033235582 538
53.0791788856305 543
51.61290322580645 528
51.12414467253177 523
49.951124144672534 511
49.364613880742915 505
50.34213098729228 515
51.417399804496576 526
52.101661779081134 533
51.417399804496576 526
51.2218963831867 524
57.18475073313783 585
48.97360703812317 501
50.24437927663734 514
51.2218963831867 524
50.83088954056696 520
50.83088954056696 520
51.61290322580645 528
50.24437927663734 514
51.417399804496576 526
51.417399804496576 526
47.70283479960899 488
48.87585532746823 500
51.417399804496576 526
52.0039100684262 532
51.71065493646139 529
50.733137829912025 519
49.75562072336266 509
50.34213098729228 515
50.733137829912025 519
50.34213098729228 515
50.43988269794721 516
50.146627565982406 513
49.75562072336266 509
50.24437927663734 514
50.146627565982406 513
50.146627565982406 513
50.43988269794721 516
50.43988269794721 516
50.048875855327466 512
49.16911045943304 503
49.364613880742915 505
50.146627565982406 513
50.146627565982406 513
50.048875855327466 512
50.635386119257085 518
49.56011730205279 507
49.951124144672534 511
50.43988269794721 516
50.83088954056696 520
50.34213098729228 515
51.2218963831867 524
50.53763440860215 517
50.146627565982406 513
50.53763440860215 517
50.34213098729228 515
50.43988269794721 516
49.75562072336266 509
50.146627565982406 513
50.146627565982406 513
49.46236559139785 506
50.733137829912025 519
51.2218963831867 524
50.048875855327466 512
49.56011730205279 507
49.16911045943304 503
49.56011730205279 507
50.34213098729228 515
48.97360703812317 501
49.364613880742915 505
49.16911045943304 503
50.24437927663734 514
50.43988269794721 516
50.83088954056696 520
50.83088954056696 520
50.83088954056696 520
50.146627565982406 513
49.951124144672534 511
49.65786901270772 508
49.65786901270772 508
50.048875855327466 512
50.9286412512219 521
49.853372434017594 510
49.951124144672534 511
49.0713587487781 502
49.853372434017594 510
49.56011730205279 507
49.65786901270772 508
49.75562072336266 509
50.24437927663734 514
49.853372434017594 510
50.048875855327466 512
50.34213098729228 515
49.951124144672534 511
50.43988269794721 516
49.56011730205279 507
50.43988269794721 516
50.24437927663734 514
49.364613880742915 505
49.46236559139785 506
50.146627565982406 513
50.048875855327466 512
50.24437927663734 514
50.048875855327466 512
50.83088954056696 520
50.83088954056696 520
50.53763440860215 517
50.53763440860215 517
50.733137829912025 519
50.24437927663734 514
49.364613880742915 505
48.19159335288368 493
49.56011730205279 507
49.853372434017594 510
51.12414467253177 523
50.34213098729228 515
48.97360703812317 501
49.266862170087975 504
49.364613880742915 505
50.53763440860215 517
51.80840664711632 530
51.02639296187683 522
50.83088954056696 520
50.53763440860215 517
51.61290322580645 528
50.146627565982406 513
51.417399804496576 526
50.43988269794721 516
48.87585532746823 500
49.46236559139785 506
48.68035190615836 498
49.266862170087975 504
48.7781036168133 499
49.266862170087975 504
50.53763440860215 517
50.43988269794721 516
51.02639296187683 522
50.53763440860215 517
50.34213098729228 515
50.24437927663734 514
50.146627565982406 513
49.65786901270772 508
49.951124144672534 511
50.146627565982406 513
50.34213098729228 515
50.048875855327466 512
49.951124144672534 511
50.635386119257085 518
50.24437927663734 514
50.048875855327466 512
50.34213098729228 515
50.34213098729228 515
50.048875855327466 512
50.24437927663734 514
50.43988269794721 516
50.34213098729228 515
50.43988269794721 516
50.43988269794721 516
50.146627565982406 513
49.853372434017594 510
49.853372434017594 510
50.53763440860215 517
49.951124144672534 511
49.853372434017594 510
50.34213098729228 515
50.048875855327466 512
50.048875855327466 512
50.048875855327466 512
49.951124144672534 511
49.951124144672534 511
50.048875855327466 512
50.24437927663734 514
50.048875855327466 512
49.364613880742915 505
49.65786901270772 508
50.635386119257085 518
50.635386119257085 518
51.12414467253177 523
52.101661779081134 533
52.199413489736074 534
51.417399804496576 526
50.53763440860215 517
50.733137829912025 519
50.24437927663734 514
50.34213098729228 515
49.853372434017594 510
50.34213098729228 515
49.951124144672534 511
50.048875855327466 512
50.24437927663734 514
49.46236559139785 506
50.53763440860215 517
50.048875855327466 512
50.048875855327466 512
50.146627565982406 513
50.048875855327466 512
50.146627565982406 513
50.048875855327466 512
50.34213098729228 515
50.34213098729228 515
50.048875855327466 512
50.24437927663734 514
50.24437927663734 514
50.146627565982406 513
50.048875855327466 512
50.43988269794721 516
50.53763440860215 517
50.048875855327466 512
50.34213098729228 515
50.048875855327466 512
50.146627565982406 513
49.951124144672534 511
50.146627565982406 513
50.048875855327466 512
50.34213098729228 515
50.146627565982406 513
50.048875855327466 512
50.048875855327466 512
50.24437927663734 514
50.048875855327466 512
49.65786901270772 508
49.853372434017594 510
49.65786901270772 508
49.951124144672534 511
50.048875855327466 512
50.146627565982406 513
50.34213098729228 515
50.24437927663734 514
49.56011730205279 507
50.34213098729228 515
50.43988269794721 516
50.24437927663734 514
50.34213098729228 515
50.048875855327466 512
49.65786901270772 508
49.951124144672534 511
50.24437927663734 514
50.24437927663734 514
50.24437927663734 514
49.56011730205279 507
49.951124144672534 511
50.048875855327466 512
49.853372434017594 510
49.853372434017594 510
49.951124144672534 511
49.853372434017594 510
50.146627565982406 513
50.146627565982406 513
49.951124144672534 511
49.853372434017594 510
49.65786901270772 508
50.24437927663734 514
50.43988269794721 516
50.146627565982406 513
49.853372434017594 510
50.43988269794721 516
50.24437927663734 514
50.048875855327466 512
49.951124144672534 511
49.75562072336266 509
50.146627565982406 513
49.266862170087975 504
50.83088954056696 520
50.635386119257085 518
50.34213098729228 515
51.02639296187683 522
50.733137829912025 519
49.65786901270772 508
51.61290322580645 528
48.484848484848484 496
49.75562072336266 509
48.484848484848484 496
49.56011730205279 507
50.83088954056696 520
50.733137829912025 519
51.515151515151516 527
51.31964809384164 525
50.53763440860215 517
50.048875855327466 512
49.65786901270772 508
51.61290322580645 528
45.94330400782014 470
44.868035190615835 459
44.47702834799609 455
50.43988269794721 516
48.68035190615836 498
45.35679374389052 464
45.55229716520039 466
53.47018572825024 547
50.9286412512219 521
52.59042033235582 538
51.417399804496576 526
50.048875855327466 512
48.68035190615836 498
48.68035190615836 498
49.46236559139785 506
49.56011730205279 507
49.46236559139785 506
49.16911045943304 503
49.0713587487781 502
49.0713587487781 502
49.46236559139785 506
50.34213098729228 515
50.53763440860215 517
50.53763440860215 517
50.146627565982406 513
49.65786901270772 508
49.853372434017594 510
50.048875855327466 512
49.951124144672534 511
50.24437927663734 514
50.53763440860215 517
49.853372434017594 510
50.146627565982406 513
49.853372434017594 510
49.853372434017594 510
50.048875855327466 512
50.048875855327466 512
50.34213098729228 515
49.951124144672534 511
50.24437927663734 514
50.146627565982406 513
50.048875855327466 512
49.951124144672534 511
50.24437927663734 514
50.24437927663734 514
49.75562072336266 509
50.048875855327466 512
50.146627565982406 513
50.34213098729228 515
50.146627565982406 513
50.146627565982406 513
50.146627565982406 513
50.146627565982406 513
50.34213098729228 515
50.24437927663734 514
50.24437927663734 514
50.24437927663734 514
50.048875855327466 512
50.048875855327466 512
49.75562072336266 509
49.951124144672534 511
49.951124144672534 511
50.048875855327466 512
49.853372434017594 510
49.951124144672534 511
49.951124144672534 511
50.146627565982406 513
50.146627565982406 513
50.24437927663734 514
50.24437927663734 514
50.048875855327466 512
50.048875855327466 512
50.146627565982406 513
50.146627565982406 513
50.34213098729228 515
50.24437927663734 514
49.951124144672534 511
50.34213098729228 515
49.853372434017594 510
50.146627565982406 513
49.951124144672534 511
50.24437927663734 514
50.146627565982406 513
50.34213098729228 515
50.146627565982406 513
50.048875855327466 512
50.24437927663734 514
50.146627565982406 513
50.048875855327466 512
49.951124144672534 511
49.951124144672534 511
50.146627565982406 513
49.853372434017594 510
50.048875855327466 512
49.853372434017594 510
50.24437927663734 514
50.146627565982406 513
50.048875855327466 512
50.43988269794721 516
50.24437927663734 514
50.24437927663734 514
50.146627565982406 513
49.951124144672534 511
50.048875855327466 512
50.24437927663734 514
50.048875855327466 512
50.24437927663734 514
50.24437927663734 514
49.853372434017594 510
50.34213098729228 515
49.951124144672534 511
49.951124144672534 511
49.951124144672534 511
50.24437927663734 514
49.951124144672534 511
50.048875855327466 512
49.951124144672534 511
50.048875855327466 512
50.146627565982406 513
49.853372434017594 510
50.146627565982406 513
50.146627565982406 513
50.146627565982406 513
50.048875855327466 512
50.24437927663734 514
50.24437927663734 514
50.048875855327466 512
50.048875855327466 512
50.146627565982406 513
50.24437927663734 514
50.34213098729228 515
49.951124144672534 511
50.146627565982406 513
49.75562072336266 509
50.24437927663734 514
50.048875855327466 512
50.146627565982406 513
50.24437927663734 514
49.853372434017594 510
50.048875855327466 512
50.146627565982406 513
50.048875855327466 512
50.34213098729228 515
50.048875855327466 512
50.24437927663734 514
50.146627565982406 513
50.146627565982406 513
50.048875855327466 512
50.048875855327466 512
50.146627565982406 513
50.146627565982406 513
50.048875855327466 512
50.146627565982406 513
50.24437927663734 514
50.24437927663734 514
50.24437927663734 514
50.24437927663734 514
50.146627565982406 513
50.146627565982406 513
50.24437927663734 514
50.24437927663734 514
50.146627565982406 513
50.048875855327466 512
49.46236559139785 506
50.24437927663734 514
49.951124144672534 511
50.24437927663734 514
50.43988269794721 516
49.853372434017594 510
50.24437927663734 514
50.24437927663734 514
49.853372434017594 510
50.048875855327466 512
50.24437927663734 514
50.34213098729228 515
50.048875855327466 512
50.048875855327466 512
50.146627565982406 513
49.75562072336266 509
50.146627565982406 513
50.048875855327466 512
50.146627565982406 513
50.048875855327466 512
50.24437927663734 514
50.24437927663734 514
50.048875855327466 512
50.24437927663734 514
50.146627565982406 513
50.24437927663734 514
50.146627565982406 513
50.24437927663734 514
50.146627565982406 513
50.146627565982406 513
50.34213098729228 515
50.34213098729228 515
50.048875855327466 512
50.048875855327466 512
50.146627565982406 513
50.146627565982406 513
50.146627565982406 513
50.24437927663734 514
50.146627565982406 513
49.951124144672534 511
50.048875855327466 512
50.048875855327466 512
50.048875855327466 512
50.146627565982406 513
49.951124144672534 511
49.853372434017594 510
49.951124144672534 511
50.048875855327466 512
49.951124144672534 511
49.75562072336266 509
50.048875855327466 512
50.048875855327466 512
50.048875855327466 512
50.146627565982406 513
50.146627565982406 513
50.24437927663734 514
50.146627565982406 513
50.146627565982406 513
50.146627565982406 513
50.146627565982406 513
50.146627565982406 513
49.853372434017594 510
50.146627565982406 513
50.048875855327466 512
50.146627565982406 513
50.24437927663734 514
50.146627565982406 513
50.24437927663734 514
50.146627565982406 513
50.048875855327466 512
49.853372434017594 510
50.048875855327466 512
50.048875855327466 512
50.24437927663734 514
49.75562072336266 509
49.951124144672534 511
49.951124144672534 511
50.146627565982406 513
50.048875855327466 512
49.65786901270772 508
49.951124144672534 511
50.146627565982406 513
50.146627565982406 513
50.146627565982406 513
49.951124144672534 511
50.34213098729228 515
50.24437927663734 514
50.048875855327466 512
50.24437927663734 514
49.853372434017594 510
50.34213098729228 515
49.951124144672534 511
50.34213098729228 515
50.733137829912025 519
50.53763440860215 517
51.2218963831867 524
51.2218963831867 524
50.34213098729228 515
51.80840664711632 530
40.66471163245357 416
51.31964809384164 525
54.1544477028348 554
52.199413489736074 534
50.43988269794721 516
48.484848484848484 496
50.048875855327466 512
48.68035190615836 498
52.101661779081134 533
47.9960899315738 491
45.8455522971652 469
51.417399804496576 526
54.74095796676442 560
50.9286412512219 521
50.635386119257085 518
44.183773216031284 452
51.2218963831867 524
51.515151515151516 527
48.582600195503424 497
46.9208211143695 480
50.24437927663734 514
53.0791788856305 543
51.31964809384164 525
47.800586510263926 489
47.40957966764418 485
48.09384164222874 492
52.981427174975565 542
52.39491691104595 536
50.83088954056696 520
50.43988269794721 516
50.24437927663734 514
48.97360703812317 501
51.61290322580645 528
50.34213098729228 515
52.199413489736074 534
49.46236559139785 506
48.09384164222874 492
48.87585532746823 500
50.146627565982406 513
50.24437927663734 514
49.46236559139785 506
49.853372434017594 510
49.46236559139785 506
49.364613880742915 505
49.853372434017594 510
50.43988269794721 516
51.515151515151516 527
46.04105571847507 471
48.09384164222874 492
46.334310850439884 474
47.116324535679375 482
46.9208211143695 480
52.0039100684262 532
55.2297165200391 565
53.27468230694037 545
51.61290322580645 528
48.87585532746823 500
48.09384164222874 492
48.19159335288368 493
46.72531769305963 478
47.800586510263926 489
52.68817204301075 539
54.05669599217986 553
54.05669599217986 553
52.39491691104595 536
50.43988269794721 516
50.24437927663734 514
50.048875855327466 512
49.364613880742915 505
48.97360703812317 501
49.46236559139785 506
51.2218963831867 524
51.80840664711632 530
51.515151515151516 527
50.34213098729228 515
49.951124144672534 511
49.56011730205279 507
43.89051808406647 449
49.56011730205279 507
49.75562072336266 509
49.46236559139785 506
50.146627565982406 513
49.853372434017594 510
50.83088954056696 520
51.2218963831867 524
51.80840664711632 530
50.9286412512219 521
50.24437927663734 514
49.853372434017594 510
49.951124144672534 511
50.24437927663734 514
50.43988269794721 516
50.048875855327466 512
50.34213098729228 515
49.364613880742915 505
50.635386119257085 518
50.24437927663734 514
51.12414467253177 523
51.2218963831867 524
51.31964809384164 525
51.2218963831867 524
49.75562072336266 509
49.266862170087975 504
49.56011730205279 507
50.34213098729228 515
50.24437927663734 514
50.733137829912025 519
50.9286412512219 521
50.43988269794721 516

(^C again to quit)
>> 50.048875855327466 512
50.635386119257085 518
50.53763440860215 517
50.83088954056696 520
49.951124144672534 511
49.951124144672534 511

1419726567632 Board Closing. 
SunTea:TheRipple rakhiparekh$ node sensor.js
listening on *:3000
1419726686400 Device(s) /dev/cu.usbmodem1431 
1419726689766 Connected /dev/cu.usbmodem1431 
1419726689766 Repl Initialized 
>> 507 507
513 513
524 524
527 527
521 521
519 519
508 508
507 507
508 508
505 505
510 510
513 513
515 515
527 527
538 538
533 533
512 512
461 461
558 558
517 517
396 396
0 0
0 0
979 979
0 0
980 980
977 977
0 0
974 974
0 0
0 0
0 0
0 0
0 0
0 0
0 0
0 0
0 0
0 0
0 0
0 0
0 0
529 529
453 453
465 465
475 475
620 620
467 467
478 478
471 471
450 450
450 450
464 464
462 462
471 471
480 480
502 502
474 474
464 464
465 465
478 478
273 273
895 895
972 972
971 971
0 0
328 328
444 444
452 452
462 462
470 470
439 439
486 486
834 834
978 978
972 972
971 971
363 363
436 436
444 444
464 464
470 470
450 450
828 828
0 0
972 972
972 972
53 53
971 971
972 972
961 961
0 0
239 239
196 196
339 339
971 971
714 714
877 877
0 0
161 161
244 244
330 330
379 379
435 435
416 416
412 412
464 464
474 474
476 476
471 471
469 469
478 478
476 476
490 490
487 487
490 490
483 483
488 488
482 482
491 491
482 482
540 540
830 830
665 665
975 975
975 975
974 974
973 973
975 975
980 980
980 980
980 980
979 979
980 980
980 980
980 980
980 980
979 979
980 980
979 979
979 979
978 978
510 510
531 531
534 534
550 550
513 513
531 531
558 558
525 525
516 516
515 515
503 503
520 520
516 516
511 511
511 511
516 516
515 515
536 536
513 513
545 545
509 509
499 499
547 547
534 534
451 451
512 512
509 509
516 516
522 522
531 531
522 522
493 493
508 508
514 514
515 515
514 514
516 516
522 522
526 526
502 502
509 509
525 525
532 532
516 516
514 514
516 516
516 516
519 519
516 516
513 513
512 512
510 510
515 515
516 516
512 512
511 511
513 513
514 514
513 513
511 511
513 513
512 512
515 515
508 508
517 517
512 512
507 507
508 508
510 510
512 512
513 513
509 509
511 511
516 516
514 514
514 514
523 523
516 516
513 513
513 513
510 510
511 511
513 513
514 514
513 513
508 508
514 514
516 516
511 511
514 514
513 513
512 512
509 509
513 513
517 517
520 520
538 538
633 633
551 551
515 515
408 408
567 567
407 407
460 460
534 534
508 508
476 476
482 482
505 505
489 489
501 501
509 509
512 512
496 496
724 724
546 546
515 515
587 587
519 519
583 583
540 540
531 531
536 536
515 515
527 527
495 495
514 514
511 511
523 523
512 512
514 514
497 497
511 511
517 517
0 0
139 139
137 137
138 138
139 139
139 139
0 0
0 0
0 0
0 0
0 0
0 0
0 0
0 0
0 0
0 0
0 0
0 0
0 0
0 0
280 280
317 317
324 324
327 327
327 327
326 326
327 327
328 328
331 331
322 322
277 277
322 322
327 327
329 329
329 329
329 329
330 330
331 331
331 331
330 330
330 330
331 331
331 331
332 332
331 331
332 332
332 332
331 331
331 331
330 330
331 331
335 335
402 402
602 602
0 0
0 0
0 0
0 0
0 0
625 625
0 0
626 626
0 0
625 625
167 167
256 256
0 0
627 627
627 627
626 626
258 258
343 343
339 339
337 337
338 338
355 355
326 326
332 332

(^C again to quit)
>> 334 334

1419726779305 Board Closing. 
SunTea:TheRipple rakhiparekh$ node sensor.js
listening on *:3000
1419726781370 Device(s) /dev/cu.usbmodem1431 
1419726784709 Connected /dev/cu.usbmodem1431 
1419726784709 Repl Initialized 
>> 426 426
240 240
0 0
53 53
287 287
321 321
321 321
331 331
422 422
359 359
310 310
316 316
381 381
445 445
294 294
0 0
0 0
0 0
0 0
0 0
0 0
271 271
265 265
289 289
300 300
318 318
334 334
625 625
0 0
287 287
313 313
316 316
340 340
330 330
324 324
333 333
319 319
329 329
332 332
334 334
317 317
335 335
325 325
339 339
329 329
320 320
325 325
324 324
327 327
327 327
327 327
322 322
328 328
325 325
328 328
328 328
331 331
333 333
333 333
334 334
347 347
351 351
235 235
627 627
627 627
626 626
626 626
626 626
302 302
339 339
337 337
336 336
336 336
336 336
337 337
335 335
335 335
335 335
335 335
334 334
334 334
335 335
335 335
335 335
334 334
333 333
333 333
335 335
333 333
331 331
333 333
335 335
334 334
335 335
340 340
312 312
333 333
333 333
334 334
335 335
335 335
334 334
334 334
334 334
334 334
334 334
334 334
334 334
334 334
334 334
335 335
333 333
334 334
334 334
334 334
336 336
333 333
332 332
334 334
334 334
335 335
332 332
344 344
351 351
339 339
334 334
324 324
339 339
323 323
332 332
332 332
333 333
335 335
333 333
323 323
336 336
335 335
334 334
333 333
335 335
332 332
335 335
337 337
331 331
336 336
335 335
333 333
333 333
335 335
338 338
333 333
334 334
333 333
332 332
626 626
301 301
335 335
336 336
334 334
333 333
333 333
335 335
335 335
336 336
335 335
335 335
333 333
334 334
335 335
348 348
353 353
335 335
319 319
336 336
353 353
310 310
334 334
371 371
535 535
585 585
268 268
278 278
29 29
361 361
312 312
324 324
343 343
301 301
334 334
30 30
376 376
344 344
345 345
369 369
561 561
112 112
627 627
393 393
101 101

(^C again to quit)
>> 291 291

1419726835107 Board Closing. 
SunTea:TheRipple rakhiparekh$ node sensor.js
listening on *:3000
1419726836897 Device(s) /dev/cu.usbmodem1431 
1419726840234 Connected /dev/cu.usbmodem1431 
1419726840235 Repl Initialized 
>> 312 312
306 306
300 300
293 293
294 294
298 298
312 312
320 320
336 336
341 341
351 351
354 354
356 356
357 357
355 355
352 352
342 342
338 338
335 335
335 335
334 334
334 334
335 335
336 336
338 338
339 339
340 340
340 340
338 338
337 337
337 337
340 340
341 341
342 342
337 337
330 330
311 311
297 297
286 286
280 280
288 288
300 300
331 331
341 341
346 346
345 345
344 344
347 347
346 346
340 340
324 324
343 343
414 414
440 440
449 449
436 436
424 424
408 408
370 370
354 354
329 329
322 322
318 318
318 318
321 321
324 324
326 326
329 329
329 329
329 329
329 329
326 326
314 314
303 303
292 292
261 261
242 242
248 248
271 271
300 300
353 353
367 367
368 368
358 358
343 343
320 320
318 318
330 330
335 335
338 338
334 334
328 328
317 317
315 315
315 315
319 319
322 322
327 327
327 327
328 328
331 331
332 332
333 333
332 332
332 332
333 333
333 333
334 334
333 333
333 333
334 334
334 334
334 334
333 333
333 333
331 331
332 332
331 331
331 331
332 332
333 333
334 334
334 334
333 333
333 333
333 333
333 333
333 333
332 332
332 332
332 332
332 332
334 334
333 333
334 334
334 334
333 333
334 334
335 335
334 334
335 335
334 334
333 333
332 332
332 332
332 332
334 334
334 334
335 335
335 335
334 334
334 334
336 336
339 339
339 339
339 339
342 342
353 353
356 356
356 356
355 355
353 353
346 346
340 340
334 334
323 323
320 320
319 319
322 322
324 324
330 330
333 333
334 334
332 332
329 329
323 323
324 324
325 325
328 328
331 331
336 336
335 335
330 330
327 327
327 327
363 363
400 400
453 453
457 457
446 446
408 408
389 389
368 368
371 371
382 382
418 418
426 426
398 398
307 307
325 325
521 521
615 615
627 627
627 627
626 626
0 0
0 0
0 0
0 0
0 0
0 0
0 0
0 0
0 0
0 0
0 0
0 0
0 0
0 0
0 0
0 0
0 0
0 0
0 0
0 0
0 0
0 0
0 0
0 0
0 0
0 0
0 0
0 0
0 0
0 0
0 0
0 0
0 0
0 0
0 0
0 0
0 0
0 0
0 0
0 0
0 0
0 0
0 0
0 0
0 0
0 0
0 0
0 0
0 0
0 0
174 174
267 267
331 331
380 380
378 378
352 352
333 333
306 306
297 297
291 291
291 291
294 294
301 301
304 304
308 308
309 309
309 309
309 309
309 309
310 310
310 310
311 311
312 312
311 311
311 311
311 311
310 310
310 310
311 311
311 311
311 311
311 311
313 313
314 314
315 315
316 316
316 316
320 320
324 324
329 329
340 340
352 352
376 376
476 476
536 536
603 603
598 598
544 544
502 502
461 461
398 398
429 429
568 568
624 624
604 604
0 0
0 0
0 0
0 0
157 157
626 626
626 626
625 625
625 625
625 625
624 624
625 625
624 624
152 152
3 3
0 0
0 0
0 0
0 0
0 0
17 17
177 177
243 243
286 286
322 322
316 316
279 279
256 256
218 218
207 207
201 201
202 202
215 215
223 223
244 244
253 253
261 261
273 273
277 277
280 280
286 286
287 287
289 289
290 290
291 291
294 294
295 295
296 296
299 299
300 300
302 302
302 302
302 302
302 302
302 302
302 302
303 303
302 302
304 304
303 303
303 303
304 304
303 303
304 304
302 302
304 304
304 304
305 305
306 306
307 307
307 307
308 308
308 308
310 310
311 311
312 312
313 313
313 313
313 313
312 312
314 314
315 315
314 314
313 313
314 314
315 315
315 315
315 315
315 315
314 314
314 314
315 315
316 316
317 317
318 318
318 318
318 318
318 318
318 318
317 317
317 317
318 318
318 318
318 318
318 318
319 319
319 319
319 319
319 319
319 319
319 319
321 321
321 321
322 322
322 322
321 321
323 323
323 323
323 323
322 322
322 322
321 321
319 319
317 317
310 310
305 305
298 298
296 296
297 297
361 361
394 394
627 627
627 627
627 627
627 627
628 628
627 627
628 628
628 628
628 628
628 628
627 627
627 627
627 627
627 627
627 627
627 627
627 627
627 627
627 627
627 627
627 627
627 627
627 627
628 628
627 627
627 627
627 627
627 627
627 627
627 627
627 627
627 627
627 627
627 627
627 627
627 627
627 627
627 627
627 627
627 627
627 627
627 627
627 627
627 627
627 627
627 627
627 627
627 627
627 627
626 626
627 627
626 626
627 627
627 627
626 626
626 626
627 627
626 626
552 552
354 354
298 298
271 271
269 269
283 283
300 300
332 332
342 342
352 352
352 352
351 351
347 347
345 345
343 343
340 340
340 340
339 339
339 339
339 339
339 339
339 339
339 339
339 339
339 339
339 339
341 341
340 340
341 341
341 341
342 342
342 342
342 342
340 340
339 339
337 337
334 334
333 333
332 332
332 332
333 333
336 336
336 336
337 337
336 336
335 335
334 334
333 333
335 335
335 335
338 338
339 339
340 340
341 341
341 341
339 339
337 337
336 336
338 338
339 339
341 341
341 341
340 340
339 339
340 340
340 340
339 339
338 338
337 337
337 337
337 337
337 337
337 337
337 337
338 338
338 338
338 338
337 337
336 336
336 336
336 336
336 336
337 337
337 337
337 337
336 336
336 336
336 336
334 334
333 333
333 333
333 333
335 335
337 337
338 338
339 339
339 339
338 338
337 337
336 336
335 335
333 333
334 334
336 336
338 338
340 340
342 342
341 341
339 339
337 337
335 335
334 334
335 335
334 334
369 369
497 497
627 627
627 627
626 626
518 518
448 448
393 393
323 323
308 308
302 302
312 312
320 320
255 255
193 193
152 152
161 161
181 181
230 230
254 254
295 295
313 313
339 339
345 345
346 346
342 342
337 337
330 330
327 327
326 326
327 327
329 329
331 331
333 333
334 334
335 335
335 335
335 335
335 335
334 334
334 334
334 334
335 335
335 335
334 334
334 334
334 334
334 334
335 335
335 335
334 334
334 334
334 334
334 334
334 334
334 334
334 334
334 334
334 334
335 335
334 334
334 334
333 333
334 334
334 334
334 334
334 334
334 334
334 334
335 335
334 334
334 334
333 333
334 334
333 333
334 334
334 334
334 334
334 334
334 334
334 334
334 334
334 334
333 333
334 334
334 334
334 334
333 333
334 334
334 334
334 334
334 334
333 333
333 333
334 334
334 334
334 334
334 334
334 334
335 335
335 335
334 334
334 334
334 334
333 333
334 334
334 334
335 335
335 335
335 335
336 336
336 336
334 334
332 332
330 330
329 329
329 329
330 330
332 332
333 333
334 334
333 333
334 334
333 333
332 332
118 118
28 28
0 0
77 77
148 148
276 276
325 325
374 374
378 378
374 374
357 357
347 347
338 338
327 327
325 325
326 326
327 327
329 329
333 333
335 335
336 336
337 337
338 338
337 337
337 337
337 337
337 337
337 337
335 335
331 331
329 329
327 327
327 327
327 327
329 329
330 330
332 332
333 333
333 333
333 333
334 334
334 334
335 335
335 335
336 336
337 337
339 339
340 340
341 341
339 339
338 338
334 334
333 333
332 332
331 331
331 331
330 330
330 330
331 331
330 330
331 331
332 332
332 332
331 331
333 333
333 333
333 333
333 333
334 334
334 334
334 334
333 333
332 332

(^C again to quit)
>> 332 332
332 332
332 332
332 332
334 334
334 334
334 334
334 334
334 334
332 332
333 333

1419726862094 Board Closing. 
SunTea:TheRipple rakhiparekh$ node sensor.js
listening on *:3000
1419726884776 Device(s) /dev/cu.usbmodem1431 
1419726888114 Connected /dev/cu.usbmodem1431 
1419726888114 Repl Initialized 
>> 0 0
0 0
298 298
265 265
335 335
340 340
328 328
390 390
441 441
320 320
333 333
333 333
333 333
505 505
0 0
305 305
317 317
309 309
345 345
627 627
626 626
336 336
336 336
336 336
333 333
334 334
332 332
334 334
335 335
334 334
333 333
334 334
330 330
333 333
335 335
336 336
333 333
325 325
334 334
334 334
329 329
336 336
0 0
0 0
318 318
322 322
579 579
0 0
334 334
624 624
234 234
322 322
281 281
322 322
324 324
336 336
334 334
246 246
262 262
330 330
328 328
253 253
316 316
291 291
309 309
379 379
0 0
149 149
260 260
351 351
334 334
440 440
383 383
267 267
623 623
373 373
278 278
85 85
503 503
0 0
584 584
0 0
627 627
627 627
359 359
341 341
338 338
353 353
335 335
336 336
334 334
336 336
334 334
333 333
334 334
329 329
332 332
337 337
334 334
333 333
0 0
0 0
267 267
303 303
313 313
335 335
628 628
627 627
288 288
312 312
315 315
349 349
377 377
347 347
297 297
313 313
323 323
0 0
0 0
322 322
328 328
319 319
273 273
0 0
282 282
631 631
630 630
345 345
0 0
215 215
350 350
337 337
103 103
0 0
306 306
315 315
320 320
185 185
332 332
335 335
627 627
354 354
316 316
327 327
328 328
322 322
352 352
43 43
629 629
629 629
340 340
339 339
336 336
340 340
337 337
336 336
335 335
333 333
338 338
342 342
333 333
334 334
339 339
335 335
335 335
334 334
335 335
335 335
335 335
334 334
334 334
334 334
335 335
334 334
335 335
335 335
334 334
335 335
335 335
334 334
335 335
335 335
335 335
339 339
334 334
334 334
332 332
334 334
334 334
335 335
334 334
334 334
336 336
335 335
334 334
334 334
334 334
335 335
336 336
335 335
334 334
336 336
334 334
335 335
335 335
334 334
333 333
336 336
336 336
336 336
333 333
332 332
338 338
330 330
340 340
332 332
331 331
330 330
340 340
329 329
341 341
332 332
368 368
335 335
336 336
337 337
333 333
336 336
0 0
0 0
331 331
624 624
253 253
256 256
266 266
0 0
625 625
628 628
626 626
339 339
339 339
344 344
628 628
0 0
297 297
314 314
330 330
326 326
318 318
624 624
337 337
0 0
628 628
627 627
343 343
338 338
310 310
252 252
275 275
288 288

(^C again to quit)
>> 293 293

1419727149863 Board Closing. 
SunTea:TheRipple rakhiparekh$ node sensor.js
listening on *:3000
1419727223055 Device(s) /dev/cu.usbmodem1431 
1419727226394 Connected /dev/cu.usbmodem1431 
1419727226394 Repl Initialized 
>> 447 447
482 482
476 476
486 486
478 478
979 979
978 978
978 978
978 978
530 530
531 531
523 523
518 518
519 519
519 519
520 520
0 0
0 0
0 0
542 542
564 564
978 978
978 978
978 978
440 440
528 528
496 496
458 458
521 521
509 509
412 412
0 0
0 0
444 444
412 412
416 416
497 497
485 485
471 471
978 978
978 978
978 978
977 977
526 526
520 520
520 520
518 518
515 515
517 517
517 517
516 516
522 522
515 515
516 516
515 515
515 515
512 512
514 514
515 515
515 515
515 515
513 513
514 514
516 516
516 516
513 513
511 511
514 514
514 514
515 515
515 515
517 517
516 516
515 515
0 0
978 978
0 0
0 0
0 0
658 658
551 551
382 382
972 972
0 0
459 459
484 484
521 521
527 527
971 971
486 486
498 498
506 506
532 532
971 971
522 522
978 978
978 978
979 979
978 978
978 978
532 532
524 524
523 523
519 519
519 519
516 516
519 519
517 517
516 516
514 514
514 514
517 517
527 527
515 515
517 517
516 516
511 511
513 513
515 515
537 537
521 521
512 512
512 512
514 514
499 499
517 517
475 475
511 511
513 513
514 514
513 513
519 519
513 513
514 514
514 514
512 512
524 524
514 514
494 494
510 510
513 513
513 513
516 516
515 515
515 515
514 514
511 511
515 515
514 514
514 514
521 521
515 515
515 515
511 511
514 514
514 514
516 516
513 513
514 514
514 514
514 514
516 516
512 512
513 513
515 515
522 522
516 516
516 516
513 513
514 514
512 512
517 517
512 512
514 514
515 515
514 514
516 516
510 510
514 514
514 514
513 513
514 514
514 514
515 515
513 513
514 514
516 516
516 516
514 514
510 510
513 513
515 515
515 515
513 513
515 515
515 515
510 510
511 511
514 514
515 515
515 515
515 515
511 511
508 508
514 514
514 514
517 517
511 511
514 514
513 513
514 514
516 516
515 515
513 513
513 513
514 514
516 516
515 515
513 513
511 511
512 512
515 515
514 514
514 514
514 514
512 512
513 513
515 515
514 514
514 514
514 514
515 515
513 513
513 513
514 514
515 515
516 516
515 515
514 514
517 517
514 514
515 515
514 514
512 512
515 515
513 513
513 513
514 514
513 513
514 514
514 514
513 513
515 515
514 514
513 513
509 509
515 515
510 510
513 513
512 512
516 516
517 517
516 516
508 508
513 513
514 514
513 513
518 518
511 511
513 513
514 514
514 514
518 518
508 508
515 515
512 512
513 513
513 513
509 509
515 515
514 514
514 514
514 514
515 515
512 512
514 514
513 513
511 511
511 511
513 513
513 513
514 514
509 509
512 512
511 511
513 513
514 514
509 509
510 510
512 512
513 513
513 513
513 513
509 509
515 515
513 513
511 511
515 515
510 510
512 512
513 513
511 511
514 514
513 513
515 515
513 513
513 513
510 510
514 514
514 514
512 512
513 513
510 510
515 515
513 513
513 513
514 514
512 512
511 511
513 513
513 513
513 513
514 514
513 513
513 513
513 513
514 514
514 514
514 514
513 513
515 515
509 509
512 512
515 515
513 513
515 515
514 514
516 516
515 515
512 512
515 515
515 515
516 516
512 512
513 513
513 513
513 513
514 514
512 512
514 514
512 512
513 513
515 515
518 518
512 512
515 515
513 513
516 516
517 517
516 516
515 515
515 515
513 513
515 515
514 514
515 515
515 515
513 513
515 515
517 517
514 514
513 513
511 511
512 512
509 509
513 513
514 514
513 513
511 511
509 509
512 512
513 513
515 515
514 514
510 510
511 511
512 512
508 508
513 513
513 513
516 516
513 513
513 513
516 516
512 512
514 514
514 514
513 513
515 515
513 513
510 510
515 515
512 512
511 511
512 512
512 512
512 512
514 514
513 513
514 514
513 513
514 514
511 511
511 511
516 516
513 513
513 513
513 513
514 514
514 514
514 514
514 514
512 512
514 514
515 515
514 514
513 513
516 516
515 515
514 514
513 513
513 513
515 515
516 516
512 512
514 514
513 513
513 513
517 517
509 509
516 516
514 514
513 513
516 516
511 511
514 514
512 512
513 513
514 514
515 515
514 514
515 515
512 512
514 514
515 515
514 514
515 515
514 514
514 514
516 516
509 509
513 513
513 513
512 512
510 510
514 514
513 513
513 513
513 513
511 511
513 513
512 512
514 514
513 513
511 511
508 508
513 513
513 513
514 514
513 513
510 510
513 513
513 513
514 514
514 514
514 514
513 513
512 512
513 513
514 514
514 514
516 516
512 512
513 513
513 513
514 514
514 514
513 513
513 513
514 514
514 514
515 515
512 512
513 513
514 514
515 515
514 514
512 512
513 513
514 514
516 516
514 514
513 513
513 513
514 514
515 515
515 515
514 514
513 513
515 515
514 514
510 510
514 514
514 514
514 514
514 514
512 512
513 513
513 513
518 518
508 508
496 496
514 514
515 515
514 514
511 511
509 509
515 515
514 514
514 514
511 511
508 508
513 513
514 514
515 515
510 510
509 509
513 513
514 514
513 513
516 516
510 510
514 514
510 510
511 511
515 515
510 510
517 517
461 461
513 513
522 522
520 520
513 513
511 511
510 510
513 513
515 515
513 513
514 514
512 512
517 517
511 511
511 511
513 513
513 513
513 513
511 511
513 513
514 514
514 514
514 514
511 511
511 511
513 513
514 514
512 512
514 514
515 515
513 513
513 513
513 513
515 515
511 511
514 514
514 514
514 514
512 512
514 514
515 515
518 518
514 514
514 514
514 514
512 512
514 514
513 513
517 517
514 514
514 514
512 512
512 512
515 515
509 509
514 514
511 511
513 513
515 515
516 516
514 514
515 515
513 513
516 516
516 516
513 513
512 512
512 512
515 515
516 516
511 511
514 514
515 515
524 524
509 509
513 513
519 519
512 512
512 512
511 511
507 507
512 512
513 513
513 513
512 512
509 509
512 512
512 512
514 514
544 544
0 0
0 0
0 0
0 0
972 972
379 379
437 437
473 473
407 407
482 482
485 485
497 497
493 493
507 507
511 511
555 555
975 975
979 979
980 980
979 979
979 979
527 527
522 522
519 519
516 516
518 518
517 517
516 516
515 515
516 516
516 516
512 512
515 515
514 514
515 515
519 519
516 516
516 516
516 516
592 592
508 508
513 513
513 513
513 513
513 513
514 514
518 518
515 515
515 515
515 515
516 516
513 513
512 512
520 520
508 508
517 517
518 518
513 513
515 515
513 513
511 511
516 516
514 514
507 507
518 518
511 511
511 511
516 516
512 512
510 510
499 499
510 510
515 515
515 515
515 515
516 516
506 506
514 514
516 516
513 513
513 513
514 514
513 513
513 513
513 513
517 517
517 517
515 515
515 515
514 514
515 515
512 512
513 513
513 513
515 515
515 515
511 511
512 512
514 514
514 514
511 511
512 512
514 514
513 513
512 512
517 517
511 511
512 512
511 511
511 511
512 512
513 513
509 509
508 508
528 528
518 518
481 481
512 512
512 512
511 511
516 516
514 514
513 513
511 511
513 513
514 514
514 514
512 512
516 516
513 513
510 510
514 514
515 515
514 514
511 511
512 512
514 514
518 518
513 513
513 513
515 515
515 515
517 517
513 513
514 514
516 516
514 514
514 514
514 514
514 514
514 514
512 512
513 513
513 513
513 513
514 514
512 512
512 512
512 512
515 515
517 517
511 511
508 508
511 511
516 516
515 515
511 511
505 505
512 512
513 513
514 514
513 513
511 511
513 513
513 513
513 513
513 513
513 513
513 513
515 515
512 512
506 506
517 517
>> 512 512
0 0
0 0
980 980
0 0
979 979
979 979
979 979
522 522
519 519
517 517
513 513
515 515
513 513
515 515
517 517
511 511
514 514
513 513
514 514
515 515
513 513
513 513
512 512
512 512
511 511
513 513
513 513
514 514
514 514
515 515
515 515
512 512
516 516
511 511
511 511
514 514
512 512
512 512
511 511
515 515
513 513
513 513
514 514
511 511
515 515

